   2.1000000e+02
   9.7000000e+01
   2.1000000e+02
   2.1000000e+02
   9.7000000e+01
   2.0800000e+02
   2.0800000e+02
   4.0800000e+02
   2.7700000e+02
   4.5500000e+02
   6.1000000e+01
   4.5500000e+02
   3.8600000e+02
   1.3500000e+02
   2.7700000e+02
   2.6400000e+02
   4.2800000e+02
   2.6200000e+02
   7.4300000e+02
   1.0210000e+03
   6.2900000e+02
   6.0100000e+02
   6.1200000e+02
   9.1900000e+02
   9.1100000e+02
   9.1100000e+02
   6.2900000e+02
   4.2200000e+02
   6.0900000e+02
   1.2390000e+03
   1.1360000e+03
   1.1900000e+03
   1.2390000e+03
   1.2530000e+03
   1.1900000e+03
   1.2550000e+03
   1.2530000e+03
   1.1100000e+03
   1.1790000e+03
   1.4960000e+03
   1.4610000e+03
   1.4250000e+03
   1.9240000e+03
   1.5890000e+03
   1.6590000e+03
   1.7730000e+03
   1.5830000e+03
   1.8470000e+03
   1.8420000e+03
   1.9600000e+03
