   1.0750000e+03
   9.2400000e+02
   7.9000000e+02
   1.0890000e+03
   8.6500000e+02
   1.0250000e+03
   1.1610000e+03
   1.1430000e+03
   1.1980000e+03
   1.1330000e+03
   1.0230000e+03
   1.0230000e+03
   1.0750000e+03
   1.0710000e+03
   1.1770000e+03
   8.6500000e+02
   8.6500000e+02
   1.1820000e+03
   1.1430000e+03
   1.1430000e+03
   9.5900000e+02
   1.0220000e+03
   1.1770000e+03
   8.7000000e+02
   6.5900000e+02
   8.7000000e+02
   8.8600000e+02
   1.0390000e+03
   1.0130000e+03
   9.7600000e+02
   8.8700000e+02
   9.1500000e+02
   8.7000000e+02
   6.5900000e+02
   1.1250000e+03
   1.1060000e+03
   9.3300000e+02
   1.0060000e+03
   8.7200000e+02
   8.0000000e+02
   1.0360000e+03
   8.4600000e+02
   6.5900000e+02
   8.8600000e+02
   8.5500000e+02
   1.1070000e+03
   7.1800000e+02
   7.7100000e+02
   8.5500000e+02
   1.0810000e+03
   7.6100000e+02
   9.7600000e+02
   7.0100000e+02
   8.0400000e+02
   7.7100000e+02
   1.0390000e+03
   7.7500000e+02
   7.7500000e+02
   5.3500000e+02
   5.8900000e+02
   7.3900000e+02
   4.9000000e+02
   5.7100000e+02
   5.9700000e+02
   6.7500000e+02
   5.3500000e+02
   6.1200000e+02
   5.8300000e+02
   6.3800000e+02
   5.4600000e+02
   7.8600000e+02
   4.7100000e+02
   5.9600000e+02
   7.0700000e+02
   5.8300000e+02
   7.4300000e+02
   5.0800000e+02
   7.8600000e+02
   5.9700000e+02
   5.8400000e+02
   5.8400000e+02
   4.0200000e+02
   4.1500000e+02
   3.0300000e+02
   2.9500000e+02
   2.9700000e+02
   2.8300000e+02
   2.9400000e+02
   2.9800000e+02
   3.6000000e+02
   2.9800000e+02
   4.5300000e+02
   3.4600000e+02
   4.2500000e+02
   4.4400000e+02
   3.7500000e+02
   4.3300000e+02
   2.4400000e+02
   2.0300000e+02
   1.7700000e+02
